Loss : 0.2549925446510315
Accuracy : 0.9106296300888062